day,cases,cases_new,growth,date
0,548,548,1.0,2020-01-22
1,643,95,1.173,2020-01-23
2,920,277,1.430,2020-01-24
3,1406,486,1.528,2020-01-25
4,2075,669,1.475,2020-01-26
5,2877,802,1.386,2020-01-27
6,5509,2632,1.914,2020-01-28
7,6087,578,1.104,2020-01-29
8,8141,2054,1.337,2020-01-30
9,9802,1661,1.204,2020-01-31
10,11891,2089,1.213,2020-02-01
11,16630,4739,1.398,2020-02-02
12,19716,3086,1.185,2020-02-03
13,23707,3991,1.202,2020-02-04
14,27440,3733,1.157,2020-02-05
15,30587,3147,1.114,2020-02-06
16,34110,3523,1.115,2020-02-07
17,36814,2704,1.079,2020-02-08
18,39829,3015,1.081,2020-02-09
19,42354,2525,1.063,2020-02-10
20,44386,2032,1.047,2020-02-11
21,44759,373,1.008,2020-02-12
22,59895,15136,1.338,2020-02-13
23,66358,6463,1.107,2020-02-14
24,68413,2055,1.030,2020-02-15
25,70513,2100,1.030,2020-02-16
26,72434,1921,1.027,2020-02-17
27,74211,1777,1.024,2020-02-18
28,74619,408,1.005,2020-02-19
29,75077,458,1.006,2020-02-20
30,75550,473,1.006,2020-02-21
31,77001,1451,1.019,2020-02-22
32,77022,21,1.000,2020-02-23
33,77241,219,1.002,2020-02-24
34,77754,513,1.006,2020-02-25
35,78166,412,1.005,2020-02-26
36,78600,434,1.005,2020-02-27
37,78928,328,1.004,2020-02-28
38,79356,428,1.005,2020-02-29
39,79932,576,1.007,2020-03-01
40,80136,204,1.002,2020-03-02
41,80261,125,1.001,2020-03-03
42,80386,125,1.001,2020-03-04
43,80537,151,1.001,2020-03-05
44,80690,153,1.001,2020-03-06
45,80770,80,1.000,2020-03-07
46,80823,53,1.000,2020-03-08
47,80860,37,1.000,2020-03-09
48,80887,27,1.000,2020-03-10
49,80921,34,1.000,2020-03-11
50,80932,11,1.000,2020-03-12
51,80945,13,1.000,2020-03-13
52,80977,32,1.000,2020-03-14
53,81003,26,1.000,2020-03-15
54,81033,30,1.000,2020-03-16
55,81058,25,1.000,2020-03-17
56,81102,44,1.000,2020-03-18
57,81156,54,1.000,2020-03-19
58,81250,94,1.001,2020-03-20
59,81305,55,1.000,2020-03-21
60,81435,130,1.001,2020-03-22
61,81498,63,1.000,2020-03-23
62,81591,93,1.001,2020-03-24
63,81661,70,1.000,2020-03-25
64,81782,121,1.001,2020-03-26
65,81897,115,1.001,2020-03-27
66,81999,102,1.001,2020-03-28
67,82122,123,1.001,2020-03-29
68,82198,76,1.000,2020-03-30
69,82279,81,1.000,2020-03-31
70,82361,82,1.000,2020-04-01
71,82432,71,1.000,2020-04-02
72,82511,79,1.000,2020-04-03
73,82543,32,1.000,2020-04-04
74,82602,59,1.000,2020-04-05
75,82665,63,1.000,2020-04-06
76,82718,53,1.000,2020-04-07
77,82809,91,1.001,2020-04-08
78,82883,74,1.000,2020-04-09
79,82941,58,1.000,2020-04-10
80,83014,73,1.000,2020-04-11
81,83134,120,1.001,2020-04-12
82,83213,79,1.000,2020-04-13
83,83306,93,1.001,2020-04-14
84,83356,50,1.000,2020-04-15
85,83403,47,1.000,2020-04-16
86,83760,357,1.004,2020-04-17
87,83787,27,1.000,2020-04-18
88,83805,18,1.000,2020-04-19
89,83817,12,1.000,2020-04-20
90,83853,36,1.000,2020-04-21
91,83868,15,1.000,2020-04-22
92,83884,16,1.000,2020-04-23
93,83899,15,1.000,2020-04-24
94,83909,10,1.000,2020-04-25
95,83912,3,1.000,2020-04-26
96,83918,6,1.000,2020-04-27
97,83940,22,1.000,2020-04-28
98,83944,4,1.000,2020-04-29
99,83956,12,1.000,2020-04-30
100,83959,3,1.000,2020-05-01
101,83959,0,1.0,2020-05-02
102,83964,5,1.000,2020-05-03
103,83966,2,1.000,2020-05-04
104,83968,2,1.000,2020-05-05
105,83970,2,1.000,2020-05-06
106,83975,5,1.000,2020-05-07
107,83976,1,1.000,2020-05-08
108,83990,14,1.000,2020-05-09
109,84010,20,1.000,2020-05-10
110,84011,1,1.000,2020-05-11
111,84018,7,1.000,2020-05-12
112,84024,6,1.000,2020-05-13
113,84029,5,1.000,2020-05-14
114,84038,9,1.000,2020-05-15
115,84044,6,1.000,2020-05-16
116,84054,10,1.000,2020-05-17
117,84063,9,1.000,2020-05-18
118,84063,0,1.0,2020-05-19
119,84063,0,1.0,2020-05-20
120,84063,0,1.0,2020-05-21
121,84081,18,1.000,2020-05-22
122,84084,3,1.000,2020-05-23
123,84095,11,1.000,2020-05-24
