day,cases,cases_new,growth,date
39,1,1,1.0,2020-03-01
40,1,0,1.0,2020-03-02
41,1,0,1.0,2020-03-03
42,1,0,1.0,2020-03-04
43,1,0,1.0,2020-03-05
44,1,0,1.0,2020-03-06
45,1,0,1.0,2020-03-07
46,1,0,1.0,2020-03-08
47,1,0,1.0,2020-03-09
48,1,0,1.0,2020-03-10
49,1,0,1.0,2020-03-11
50,4,3,4.0,2020-03-12
51,8,4,2.0,2020-03-13
52,18,10,2.25,2020-03-14
53,26,8,1.444,2020-03-15
54,52,26,2.0,2020-03-16
55,78,26,1.5,2020-03-17
56,84,6,1.076,2020-03-18
57,115,31,1.369,2020-03-19
58,136,21,1.182,2020-03-20
59,160,24,1.176,2020-03-21
60,194,34,1.212,2020-03-22
61,235,41,1.211,2020-03-23
62,249,14,1.059,2020-03-24
63,265,16,1.064,2020-03-25
64,290,25,1.094,2020-03-26
65,329,39,1.134,2020-03-27
66,407,78,1.237,2020-03-28
67,424,17,1.041,2020-03-29
68,482,58,1.136,2020-03-30
69,532,50,1.103,2020-03-31
70,571,39,1.073,2020-04-01
71,663,92,1.161,2020-04-02
72,736,73,1.110,2020-04-03
73,770,34,1.046,2020-04-04
74,822,52,1.067,2020-04-05
75,833,11,1.013,2020-04-06
76,853,20,1.024,2020-04-07
77,881,28,1.032,2020-04-08
78,921,40,1.045,2020-04-09
79,937,16,1.017,2020-04-10
80,967,30,1.032,2020-04-11
81,1013,46,1.047,2020-04-12
82,1039,26,1.025,2020-04-13
83,1067,28,1.026,2020-04-14
84,1111,44,1.041,2020-04-15
85,1159,48,1.043,2020-04-16
86,1201,42,1.036,2020-04-17
87,1248,47,1.039,2020-04-18
88,1291,43,1.034,2020-04-19
89,1339,48,1.037,2020-04-20
90,1401,62,1.046,2020-04-21
91,1473,72,1.051,2020-04-22
92,1523,50,1.033,2020-04-23
