day,cases,cases_new,growth,date
10,1,1,1.0,2020-02-01
11,2,1,2.0,2020-02-02
12,2,0,1.0,2020-02-03
13,2,0,1.0,2020-02-04
14,2,0,1.0,2020-02-05
15,2,0,1.0,2020-02-06
16,2,0,1.0,2020-02-07
17,2,0,1.0,2020-02-08
18,2,0,1.0,2020-02-09
19,2,0,1.0,2020-02-10
20,2,0,1.0,2020-02-11
21,2,0,1.0,2020-02-12
22,2,0,1.0,2020-02-13
23,2,0,1.0,2020-02-14
24,2,0,1.0,2020-02-15
25,2,0,1.0,2020-02-16
26,2,0,1.0,2020-02-17
27,2,0,1.0,2020-02-18
28,2,0,1.0,2020-02-19
29,2,0,1.0,2020-02-20
30,2,0,1.0,2020-02-21
31,2,0,1.0,2020-02-22
32,2,0,1.0,2020-02-23
33,2,0,1.0,2020-02-24
34,2,0,1.0,2020-02-25
35,2,0,1.0,2020-02-26
36,2,0,1.0,2020-02-27
37,2,0,1.0,2020-02-28
38,3,1,1.5,2020-02-29
39,3,0,1.0,2020-03-01
40,3,0,1.0,2020-03-02
41,3,0,1.0,2020-03-03
42,5,2,1.666,2020-03-04
43,5,0,1.0,2020-03-05
44,7,2,1.4,2020-03-06
45,7,0,1.0,2020-03-07
46,7,0,1.0,2020-03-08
47,7,0,1.0,2020-03-09
48,7,0,1.0,2020-03-10
49,9,2,1.285,2020-03-11
50,11,2,1.222,2020-03-12
51,16,5,1.454,2020-03-13
52,19,3,1.187,2020-03-14
53,20,1,1.052,2020-03-15
54,29,9,1.45,2020-03-16
55,29,0,1.0,2020-03-17
56,37,8,1.275,2020-03-18
57,42,5,1.135,2020-03-19
58,50,8,1.190,2020-03-20
59,67,17,1.34,2020-03-21
60,100,33,1.492,2020-03-22
61,134,34,1.34,2020-03-23
62,170,36,1.268,2020-03-24
63,170,0,1.0,2020-03-25
64,235,65,1.382,2020-03-26
65,257,22,1.093,2020-03-27
66,287,30,1.116,2020-03-28
67,299,12,1.041,2020-03-29
68,305,6,1.020,2020-03-30
69,337,32,1.104,2020-03-31
70,367,30,1.089,2020-04-01
71,367,0,1.0,2020-04-02
72,396,29,1.079,2020-04-03
73,407,11,1.027,2020-04-04
74,407,0,1.0,2020-04-05
75,411,4,1.009,2020-04-06
76,411,0,1.0,2020-04-07
77,415,4,1.009,2020-04-08
78,420,5,1.012,2020-04-09
79,428,8,1.019,2020-04-10
80,429,1,1.002,2020-04-11
81,429,0,1.0,2020-04-12
82,429,0,1.0,2020-04-13
83,433,4,1.009,2020-04-14
84,433,0,1.0,2020-04-15
85,433,0,1.0,2020-04-16
86,435,2,1.004,2020-04-17
87,435,0,1.0,2020-04-18
88,435,0,1.0,2020-04-19
89,435,0,1.0,2020-04-20
90,437,2,1.004,2020-04-21
91,438,1,1.002,2020-04-22
92,438,0,1.0,2020-04-23
93,438,0,1.0,2020-04-24
94,438,0,1.0,2020-04-25
95,438,0,1.0,2020-04-26
96,438,0,1.0,2020-04-27
97,438,0,1.0,2020-04-28
98,438,0,1.0,2020-04-29
99,438,0,1.0,2020-04-30
100,438,0,1.0,2020-05-01
101,438,0,1.0,2020-05-02
102,438,0,1.0,2020-05-03
103,438,0,1.0,2020-05-04
104,438,0,1.0,2020-05-05
105,438,0,1.0,2020-05-06
106,439,1,1.002,2020-05-07
107,439,0,1.0,2020-05-08
108,439,0,1.0,2020-05-09
109,439,0,1.0,2020-05-10
110,439,0,1.0,2020-05-11
111,439,0,1.0,2020-05-12
112,439,0,1.0,2020-05-13
113,439,0,1.0,2020-05-14
114,439,0,1.0,2020-05-15
115,439,0,1.0,2020-05-16
116,439,0,1.0,2020-05-17
117,439,0,1.0,2020-05-18
118,439,0,1.0,2020-05-19
119,439,0,1.0,2020-05-20
120,439,0,1.0,2020-05-21
121,439,0,1.0,2020-05-22
122,439,0,1.0,2020-05-23
123,439,0,1.0,2020-05-24
