day,cases,cases_new,growth,date
53,1,1,1.0,2020-03-15
54,1,0,1.0,2020-03-16
55,1,0,1.0,2020-03-17
56,1,0,1.0,2020-03-18
57,2,1,2.0,2020-03-19
58,2,0,1.0,2020-03-20
59,2,0,1.0,2020-03-21
60,3,1,1.5,2020-03-22
61,3,0,1.0,2020-03-23
62,3,0,1.0,2020-03-24
63,5,2,1.666,2020-03-25
64,5,0,1.0,2020-03-26
65,9,4,1.8,2020-03-27
66,11,2,1.222,2020-03-28
67,11,0,1.0,2020-03-29
68,18,7,1.636,2020-03-30
69,21,3,1.166,2020-03-31
70,21,0,1.0,2020-04-01
71,22,1,1.047,2020-04-02
72,22,0,1.0,2020-04-03
