day,cases,cases_new,growth,date
1,3,3,1.0,2020-01-23
2,5,2,1.666,2020-01-24
3,15,10,3.0,2020-01-25
4,22,7,1.466,2020-01-26
5,35,13,1.590,2020-01-27
6,46,11,1.314,2020-01-28
7,56,10,1.217,2020-01-29
8,63,7,1.125,2020-01-30
9,87,24,1.380,2020-01-31
10,101,14,1.160,2020-02-01
11,116,15,1.148,2020-02-02
12,128,12,1.103,2020-02-03
13,142,14,1.109,2020-02-04
14,165,23,1.161,2020-02-05
15,173,8,1.048,2020-02-06
16,184,11,1.063,2020-02-07
17,195,11,1.059,2020-02-08
18,208,13,1.066,2020-02-09
19,213,5,1.024,2020-02-10
20,219,6,1.028,2020-02-11
21,225,6,1.027,2020-02-12
22,229,4,1.017,2020-02-13
23,230,1,1.004,2020-02-14
24,232,2,1.008,2020-02-15
25,236,4,1.017,2020-02-16
26,240,4,1.016,2020-02-17
27,240,0,1.0,2020-02-18
28,242,2,1.008,2020-02-19
29,245,3,1.012,2020-02-20
30,245,0,1.0,2020-02-21
31,245,0,1.0,2020-02-22
32,245,0,1.0,2020-02-23
33,245,0,1.0,2020-02-24
34,245,0,1.0,2020-02-25
35,245,0,1.0,2020-02-26
36,245,0,1.0,2020-02-27
37,245,0,1.0,2020-02-28
38,245,0,1.0,2020-02-29
39,245,0,1.0,2020-03-01
40,245,0,1.0,2020-03-02
41,245,0,1.0,2020-03-03
42,245,0,1.0,2020-03-04
43,245,0,1.0,2020-03-05
44,245,0,1.0,2020-03-06
45,245,0,1.0,2020-03-07
46,245,0,1.0,2020-03-08
47,245,0,1.0,2020-03-09
48,245,0,1.0,2020-03-10
49,245,0,1.0,2020-03-11
50,245,0,1.0,2020-03-12
51,245,0,1.0,2020-03-13
52,245,0,1.0,2020-03-14
53,245,0,1.0,2020-03-15
54,245,0,1.0,2020-03-16
55,246,1,1.004,2020-03-17
56,246,0,1.0,2020-03-18
57,246,0,1.0,2020-03-19
58,247,1,1.004,2020-03-20
59,248,1,1.004,2020-03-21
60,248,0,1.0,2020-03-22
61,248,0,1.0,2020-03-23
62,249,1,1.004,2020-03-24
63,250,1,1.004,2020-03-25
64,253,3,1.012,2020-03-26
65,253,0,1.0,2020-03-27
66,253,0,1.0,2020-03-28
67,253,0,1.0,2020-03-29
68,253,0,1.0,2020-03-30
69,253,0,1.0,2020-03-31
70,255,2,1.007,2020-04-01
71,255,0,1.0,2020-04-02
72,255,0,1.0,2020-04-03
73,256,1,1.003,2020-04-04
74,256,0,1.0,2020-04-05
75,256,0,1.0,2020-04-06
76,256,0,1.0,2020-04-07
77,256,0,1.0,2020-04-08
78,256,0,1.0,2020-04-09
79,256,0,1.0,2020-04-10
80,256,0,1.0,2020-04-11
81,256,0,1.0,2020-04-12
82,256,0,1.0,2020-04-13
83,256,0,1.0,2020-04-14
84,256,0,1.0,2020-04-15
85,256,0,1.0,2020-04-16
86,256,0,1.0,2020-04-17
87,256,0,1.0,2020-04-18
88,256,0,1.0,2020-04-19
89,256,0,1.0,2020-04-20
90,277,21,1.082,2020-04-21
91,279,2,1.007,2020-04-22
92,279,0,1.0,2020-04-23
93,286,7,1.025,2020-04-24
94,286,0,1.0,2020-04-25
95,286,0,1.0,2020-04-26
96,286,0,1.0,2020-04-27
97,306,20,1.069,2020-04-28
98,306,0,1.0,2020-04-29
99,306,0,1.0,2020-04-30
100,306,0,1.0,2020-05-01
101,306,0,1.0,2020-05-02
102,306,0,1.0,2020-05-03
103,306,0,1.0,2020-05-04
104,308,2,1.006,2020-05-05
105,308,0,1.0,2020-05-06
106,308,0,1.0,2020-05-07
107,308,0,1.0,2020-05-08
108,308,0,1.0,2020-05-09
109,308,0,1.0,2020-05-10
110,308,0,1.0,2020-05-11
111,308,0,1.0,2020-05-12
112,308,0,1.0,2020-05-13
113,308,0,1.0,2020-05-14
114,308,0,1.0,2020-05-15
115,308,0,1.0,2020-05-16
116,308,0,1.0,2020-05-17
117,308,0,1.0,2020-05-18
118,308,0,1.0,2020-05-19
119,308,0,1.0,2020-05-20
120,308,0,1.0,2020-05-21
121,308,0,1.0,2020-05-22
122,308,0,1.0,2020-05-23
123,308,0,1.0,2020-05-24
