day,cases,cases_new,growth,date
0,4,4,1.0,2020-01-22
1,4,0,1.0,2020-01-23
2,8,4,2.0,2020-01-24
3,10,2,1.25,2020-01-25
4,14,4,1.4,2020-01-26
5,23,9,1.642,2020-01-27
6,24,1,1.043,2020-01-28
7,27,3,1.125,2020-01-29
8,31,4,1.148,2020-01-30
9,32,1,1.032,2020-01-31
10,41,9,1.281,2020-02-01
11,48,7,1.170,2020-02-02
12,60,12,1.25,2020-02-03
13,67,7,1.116,2020-02-04
14,69,2,1.029,2020-02-05
15,79,10,1.144,2020-02-06
16,81,2,1.025,2020-02-07
17,88,7,1.086,2020-02-08
18,91,3,1.034,2020-02-09
19,95,4,1.043,2020-02-10
20,106,11,1.115,2020-02-11
21,112,6,1.056,2020-02-12
22,119,7,1.062,2020-02-13
23,120,1,1.008,2020-02-14
24,122,2,1.016,2020-02-15
25,124,2,1.016,2020-02-16
26,125,1,1.008,2020-02-17
27,128,3,1.024,2020-02-18
28,130,2,1.015,2020-02-19
29,131,1,1.007,2020-02-20
30,132,1,1.007,2020-02-21
31,135,3,1.022,2020-02-22
32,135,0,1.0,2020-02-23
33,135,0,1.0,2020-02-24
34,135,0,1.0,2020-02-25
35,135,0,1.0,2020-02-26
36,136,1,1.007,2020-02-27
37,136,0,1.0,2020-02-28
38,136,0,1.0,2020-02-29
39,136,0,1.0,2020-03-01
40,136,0,1.0,2020-03-02
41,136,0,1.0,2020-03-03
42,136,0,1.0,2020-03-04
43,136,0,1.0,2020-03-05
44,136,0,1.0,2020-03-06
45,136,0,1.0,2020-03-07
46,136,0,1.0,2020-03-08
47,136,0,1.0,2020-03-09
48,136,0,1.0,2020-03-10
49,136,0,1.0,2020-03-11
50,136,0,1.0,2020-03-12
51,136,0,1.0,2020-03-13
52,136,0,1.0,2020-03-14
53,136,0,1.0,2020-03-15
54,136,0,1.0,2020-03-16
55,136,0,1.0,2020-03-17
56,136,0,1.0,2020-03-18
57,137,1,1.007,2020-03-19
58,137,0,1.0,2020-03-20
59,137,0,1.0,2020-03-21
60,137,0,1.0,2020-03-22
61,141,4,1.029,2020-03-23
62,145,4,1.028,2020-03-24
63,145,0,1.0,2020-03-25
64,151,6,1.041,2020-03-26
65,155,4,1.026,2020-03-27
66,161,6,1.038,2020-03-28
67,166,5,1.031,2020-03-29
68,174,8,1.048,2020-03-30
69,174,0,1.0,2020-03-31
70,176,2,1.011,2020-04-01
71,176,0,1.0,2020-04-02
72,180,4,1.022,2020-04-03
73,180,0,1.0,2020-04-04
74,180,0,1.0,2020-04-05
75,180,0,1.0,2020-04-06
76,180,0,1.0,2020-04-07
77,180,0,1.0,2020-04-08
78,182,2,1.011,2020-04-09
79,183,1,1.005,2020-04-10
80,183,0,1.0,2020-04-11
81,183,0,1.0,2020-04-12
82,184,1,1.005,2020-04-13
83,185,1,1.005,2020-04-14
84,185,0,1.0,2020-04-15
85,186,1,1.005,2020-04-16
86,189,3,1.016,2020-04-17
87,189,0,1.0,2020-04-18
88,189,0,1.0,2020-04-19
89,189,0,1.0,2020-04-20
90,189,0,1.0,2020-04-21
91,189,0,1.0,2020-04-22
92,189,0,1.0,2020-04-23
93,190,1,1.005,2020-04-24
94,190,0,1.0,2020-04-25
95,190,0,1.0,2020-04-26
96,190,0,1.0,2020-04-27
97,190,0,1.0,2020-04-28
98,190,0,1.0,2020-04-29
99,190,0,1.0,2020-04-30
100,190,0,1.0,2020-05-01
101,190,0,1.0,2020-05-02
102,190,0,1.0,2020-05-03
103,190,0,1.0,2020-05-04
104,190,0,1.0,2020-05-05
105,190,0,1.0,2020-05-06
106,190,0,1.0,2020-05-07
107,191,1,1.005,2020-05-08
108,191,0,1.0,2020-05-09
109,191,0,1.0,2020-05-10
110,191,0,1.0,2020-05-11
111,191,0,1.0,2020-05-12
112,191,0,1.0,2020-05-13
113,191,0,1.0,2020-05-14
114,191,0,1.0,2020-05-15
115,192,1,1.005,2020-05-16
116,192,0,1.0,2020-05-17
117,192,0,1.0,2020-05-18
118,192,0,1.0,2020-05-19
119,192,0,1.0,2020-05-20
120,192,0,1.0,2020-05-21
121,192,0,1.0,2020-05-22
122,192,0,1.0,2020-05-23
123,192,0,1.0,2020-05-24
