day,cases,cases_new,growth,date
0,1,1,1.0,2020-01-22
1,5,4,5.0,2020-01-23
2,9,4,1.8,2020-01-24
3,18,9,2.0,2020-01-25
4,33,15,1.833,2020-01-26
5,47,14,1.424,2020-01-27
6,70,23,1.489,2020-01-28
7,99,29,1.414,2020-01-29
8,129,30,1.303,2020-01-30
9,168,39,1.302,2020-01-31
10,202,34,1.202,2020-02-01
11,236,34,1.168,2020-02-02
12,271,35,1.148,2020-02-03
13,308,37,1.136,2020-02-04
14,341,33,1.107,2020-02-05
15,373,32,1.093,2020-02-06
16,408,35,1.093,2020-02-07
17,439,31,1.075,2020-02-08
18,468,29,1.066,2020-02-09
19,492,24,1.051,2020-02-10
20,515,23,1.046,2020-02-11
21,543,28,1.054,2020-02-12
22,570,27,1.049,2020-02-13
23,593,23,1.040,2020-02-14
24,604,11,1.018,2020-02-15
25,617,13,1.021,2020-02-16
26,626,9,1.014,2020-02-17
27,629,3,1.004,2020-02-18
28,631,2,1.003,2020-02-19
29,631,0,1.0,2020-02-20
30,631,0,1.0,2020-02-21
31,631,0,1.0,2020-02-22
32,631,0,1.0,2020-02-23
33,631,0,1.0,2020-02-24
34,631,0,1.0,2020-02-25
35,631,0,1.0,2020-02-26
36,631,0,1.0,2020-02-27
37,631,0,1.0,2020-02-28
38,631,0,1.0,2020-02-29
39,631,0,1.0,2020-03-01
40,631,0,1.0,2020-03-02
41,631,0,1.0,2020-03-03
42,631,0,1.0,2020-03-04
43,631,0,1.0,2020-03-05
44,631,0,1.0,2020-03-06
45,631,0,1.0,2020-03-07
46,631,0,1.0,2020-03-08
47,631,0,1.0,2020-03-09
48,631,0,1.0,2020-03-10
49,631,0,1.0,2020-03-11
50,631,0,1.0,2020-03-12
51,631,0,1.0,2020-03-13
52,631,0,1.0,2020-03-14
53,631,0,1.0,2020-03-15
54,631,0,1.0,2020-03-16
55,631,0,1.0,2020-03-17
56,631,0,1.0,2020-03-18
57,631,0,1.0,2020-03-19
58,631,0,1.0,2020-03-20
59,631,0,1.0,2020-03-21
60,633,2,1.003,2020-03-22
61,633,0,1.0,2020-03-23
62,636,3,1.004,2020-03-24
63,638,2,1.003,2020-03-25
64,640,2,1.003,2020-03-26
65,641,1,1.001,2020-03-27
66,641,0,1.0,2020-03-28
67,644,3,1.004,2020-03-29
68,645,1,1.001,2020-03-30
69,646,1,1.001,2020-03-31
70,646,0,1.0,2020-04-01
71,647,1,1.001,2020-04-02
72,651,4,1.006,2020-04-03
73,651,0,1.0,2020-04-04
74,651,0,1.0,2020-04-05
75,651,0,1.0,2020-04-06
76,651,0,1.0,2020-04-07
77,651,0,1.0,2020-04-08
78,651,0,1.0,2020-04-09
79,651,0,1.0,2020-04-10
80,652,1,1.001,2020-04-11
81,653,1,1.001,2020-04-12
82,653,0,1.0,2020-04-13
83,653,0,1.0,2020-04-14
84,653,0,1.0,2020-04-15
85,653,0,1.0,2020-04-16
86,653,0,1.0,2020-04-17
87,653,0,1.0,2020-04-18
88,653,0,1.0,2020-04-19
89,653,0,1.0,2020-04-20
90,653,0,1.0,2020-04-21
91,653,0,1.0,2020-04-22
92,653,0,1.0,2020-04-23
93,653,0,1.0,2020-04-24
94,653,0,1.0,2020-04-25
95,653,0,1.0,2020-04-26
96,653,0,1.0,2020-04-27
97,653,0,1.0,2020-04-28
98,653,0,1.0,2020-04-29
99,653,0,1.0,2020-04-30
100,653,0,1.0,2020-05-01
101,653,0,1.0,2020-05-02
102,653,0,1.0,2020-05-03
103,653,0,1.0,2020-05-04
104,653,0,1.0,2020-05-05
105,653,0,1.0,2020-05-06
106,653,0,1.0,2020-05-07
107,653,0,1.0,2020-05-08
108,653,0,1.0,2020-05-09
109,653,0,1.0,2020-05-10
110,653,0,1.0,2020-05-11
111,653,0,1.0,2020-05-12
112,653,0,1.0,2020-05-13
113,653,0,1.0,2020-05-14
114,653,0,1.0,2020-05-15
115,653,0,1.0,2020-05-16
116,653,0,1.0,2020-05-17
117,653,0,1.0,2020-05-18
118,653,0,1.0,2020-05-19
119,653,0,1.0,2020-05-20
120,653,0,1.0,2020-05-21
121,653,0,1.0,2020-05-22
122,653,0,1.0,2020-05-23
123,653,0,1.0,2020-05-24
