day,cases,cases_new,growth,date
16,61,61,1.0,2020-02-07
17,61,0,1.0,2020-02-08
18,64,3,1.049,2020-02-09
19,135,71,2.109,2020-02-10
20,135,0,1.0,2020-02-11
21,175,40,1.296,2020-02-12
22,175,0,1.0,2020-02-13
23,218,43,1.245,2020-02-14
24,285,67,1.307,2020-02-15
25,355,70,1.245,2020-02-16
26,454,99,1.278,2020-02-17
27,542,88,1.193,2020-02-18
28,621,79,1.145,2020-02-19
29,634,13,1.020,2020-02-20
30,634,0,1.0,2020-02-21
31,634,0,1.0,2020-02-22
32,691,57,1.089,2020-02-23
33,691,0,1.0,2020-02-24
34,691,0,1.0,2020-02-25
35,705,14,1.020,2020-02-26
36,705,0,1.0,2020-02-27
37,705,0,1.0,2020-02-28
38,705,0,1.0,2020-02-29
39,705,0,1.0,2020-03-01
40,705,0,1.0,2020-03-02
41,706,1,1.001,2020-03-03
42,706,0,1.0,2020-03-04
43,706,0,1.0,2020-03-05
44,696,-10,0.985,2020-03-06
45,696,0,1.0,2020-03-07
46,696,0,1.0,2020-03-08
47,696,0,1.0,2020-03-09
48,696,0,1.0,2020-03-10
49,696,0,1.0,2020-03-11
50,696,0,1.0,2020-03-12
51,696,0,1.0,2020-03-13
52,696,0,1.0,2020-03-14
53,696,0,1.0,2020-03-15
54,696,0,1.0,2020-03-16
