day,cases,cases_new,growth,date
30,1,1,1.0,2020-02-21
31,1,0,1.0,2020-02-22
32,1,0,1.0,2020-02-23
33,1,0,1.0,2020-02-24
34,1,0,1.0,2020-02-25
35,2,1,2.0,2020-02-26
36,2,0,1.0,2020-02-27
37,2,0,1.0,2020-02-28
38,4,2,2.0,2020-02-29
39,10,6,2.5,2020-03-01
40,13,3,1.3,2020-03-02
41,13,0,1.0,2020-03-03
42,13,0,1.0,2020-03-04
43,16,3,1.230,2020-03-05
44,22,6,1.375,2020-03-06
45,22,0,1.0,2020-03-07
46,32,10,1.454,2020-03-08
47,32,0,1.0,2020-03-09
48,41,9,1.281,2020-03-10
49,61,20,1.487,2020-03-11
50,66,5,1.081,2020-03-12
51,77,11,1.166,2020-03-13
52,93,16,1.207,2020-03-14
53,110,17,1.182,2020-03-15
54,110,0,1.0,2020-03-16
55,120,10,1.090,2020-03-17
56,133,13,1.108,2020-03-18
57,157,24,1.180,2020-03-19
58,163,6,1.038,2020-03-20
59,187,24,1.147,2020-03-21
60,248,61,1.326,2020-03-22
61,267,19,1.076,2020-03-23
62,318,51,1.191,2020-03-24
63,333,15,1.047,2020-03-25
64,368,35,1.105,2020-03-26
65,391,23,1.062,2020-03-27
66,412,21,1.053,2020-03-28
67,438,26,1.063,2020-03-29
68,446,8,1.018,2020-03-30
69,470,24,1.053,2020-03-31
70,479,9,1.019,2020-04-01
71,494,15,1.031,2020-04-02
72,508,14,1.028,2020-04-03
73,520,12,1.023,2020-04-04
74,527,7,1.013,2020-04-05
75,541,14,1.026,2020-04-06
76,548,7,1.012,2020-04-07
77,576,28,1.051,2020-04-08
78,582,6,1.010,2020-04-09
79,609,27,1.046,2020-04-10
80,619,10,1.016,2020-04-11
81,630,11,1.017,2020-04-12
82,632,2,1.003,2020-04-13
83,641,9,1.014,2020-04-14
84,658,17,1.026,2020-04-15
85,663,5,1.007,2020-04-16
86,668,5,1.007,2020-04-17
87,672,4,1.005,2020-04-18
88,673,1,1.001,2020-04-19
89,677,4,1.005,2020-04-20
90,677,0,1.0,2020-04-21
91,682,5,1.007,2020-04-22
92,688,6,1.008,2020-04-23
93,696,8,1.011,2020-04-24
94,704,8,1.011,2020-04-25
95,707,3,1.004,2020-04-26
96,710,3,1.004,2020-04-27
97,717,7,1.009,2020-04-28
98,721,4,1.005,2020-04-29
99,725,4,1.005,2020-04-30
100,729,4,1.005,2020-05-01
101,733,4,1.005,2020-05-02
102,737,4,1.005,2020-05-03
103,740,3,1.004,2020-05-04
104,741,1,1.001,2020-05-05
105,750,9,1.012,2020-05-06
106,784,34,1.045,2020-05-07
107,796,12,1.015,2020-05-08
108,809,13,1.016,2020-05-09
109,845,36,1.044,2020-05-10
110,859,14,1.016,2020-05-11
111,870,11,1.012,2020-05-12
112,878,8,1.009,2020-05-13
113,886,8,1.009,2020-05-14
114,891,5,1.005,2020-05-15
115,902,11,1.012,2020-05-16
116,911,9,1.009,2020-05-17
117,931,20,1.021,2020-05-18
118,954,23,1.024,2020-05-19
119,961,7,1.007,2020-05-20
120,1024,63,1.065,2020-05-21
121,1086,62,1.060,2020-05-22
122,1097,11,1.010,2020-05-23
123,1114,17,1.015,2020-05-24
