day,cases,cases_new,growth,date
44,1,1,1.0,2020-03-06
45,1,0,1.0,2020-03-07
46,6,5,6.0,2020-03-08
47,7,1,1.166,2020-03-09
48,11,4,1.571,2020-03-10
49,11,0,1.0,2020-03-11
50,15,4,1.363,2020-03-12
51,28,13,1.866,2020-03-13
52,38,10,1.357,2020-03-14
53,43,5,1.131,2020-03-15
54,86,43,2.0,2020-03-16
55,117,31,1.360,2020-03-17
56,145,28,1.239,2020-03-18
57,234,89,1.613,2020-03-19
58,234,0,1.0,2020-03-20
59,318,84,1.358,2020-03-21
60,363,45,1.141,2020-03-22
61,395,32,1.088,2020-03-23
62,416,21,1.053,2020-03-24
63,480,64,1.153,2020-03-25
64,580,100,1.208,2020-03-26
65,635,55,1.094,2020-03-27
66,671,36,1.056,2020-03-28
67,852,181,1.269,2020-03-29
68,950,98,1.115,2020-03-30
69,1065,115,1.121,2020-03-31
70,1323,258,1.242,2020-04-01
71,1414,91,1.068,2020-04-02
72,1595,181,1.128,2020-04-03
73,1746,151,1.094,2020-04-04
74,2281,535,1.306,2020-04-05
75,2561,280,1.122,2020-04-06
76,2954,393,1.153,2020-04-07
77,4342,1388,1.469,2020-04-08
78,5256,914,1.210,2020-04-09
79,5897,641,1.121,2020-04-10
80,6848,951,1.161,2020-04-11
81,7519,671,1.097,2020-04-12
82,9784,2265,1.301,2020-04-13
83,10303,519,1.053,2020-04-14
84,11475,1172,1.113,2020-04-15
85,12491,1016,1.088,2020-04-16
86,13489,998,1.079,2020-04-17
87,14420,931,1.069,2020-04-18
88,15628,1208,1.083,2020-04-19
89,16325,697,1.044,2020-04-20
90,17837,1512,1.092,2020-04-21
91,19250,1413,1.079,2020-04-22
92,20914,1664,1.086,2020-04-23
