day,cases,cases_new,growth,date
0,1,1,1.0,2020-01-22
1,1,0,1.0,2020-01-23
2,2,1,2.0,2020-01-24
3,2,0,1.0,2020-01-25
4,3,1,1.5,2020-01-26
5,4,1,1.333,2020-01-27
6,4,0,1.0,2020-01-28
7,4,0,1.0,2020-01-29
8,4,0,1.0,2020-01-30
9,11,7,2.75,2020-01-31
10,12,1,1.090,2020-02-01
11,15,3,1.25,2020-02-02
12,15,0,1.0,2020-02-03
13,16,1,1.066,2020-02-04
14,19,3,1.187,2020-02-05
15,23,4,1.210,2020-02-06
16,24,1,1.043,2020-02-07
17,24,0,1.0,2020-02-08
18,25,1,1.041,2020-02-09
19,27,2,1.08,2020-02-10
20,28,1,1.037,2020-02-11
21,28,0,1.0,2020-02-12
22,28,0,1.0,2020-02-13
23,28,0,1.0,2020-02-14
24,28,0,1.0,2020-02-15
25,29,1,1.035,2020-02-16
26,30,1,1.034,2020-02-17
27,31,1,1.033,2020-02-18
28,31,0,1.0,2020-02-19
29,104,73,3.354,2020-02-20
30,204,100,1.961,2020-02-21
31,433,229,2.122,2020-02-22
32,602,169,1.390,2020-02-23
33,833,231,1.383,2020-02-24
34,977,144,1.172,2020-02-25
35,1261,284,1.290,2020-02-26
36,1766,505,1.400,2020-02-27
37,2337,571,1.323,2020-02-28
38,3150,813,1.347,2020-02-29
39,3736,586,1.186,2020-03-01
40,4335,599,1.160,2020-03-02
41,5186,851,1.196,2020-03-03
42,5621,435,1.083,2020-03-04
43,6088,467,1.083,2020-03-05
44,6593,505,1.082,2020-03-06
45,7041,448,1.067,2020-03-07
46,7314,273,1.038,2020-03-08
47,7478,164,1.022,2020-03-09
48,7513,35,1.004,2020-03-10
49,7755,242,1.032,2020-03-11
50,7869,114,1.014,2020-03-12
51,7979,110,1.013,2020-03-13
52,8086,107,1.013,2020-03-14
53,8162,76,1.009,2020-03-15
54,8236,74,1.009,2020-03-16
55,8320,84,1.010,2020-03-17
56,8413,93,1.011,2020-03-18
57,8565,152,1.018,2020-03-19
58,8652,87,1.010,2020-03-20
59,8799,147,1.016,2020-03-21
60,8961,162,1.018,2020-03-22
61,8961,0,1.0,2020-03-23
62,9037,76,1.008,2020-03-24
63,9137,100,1.011,2020-03-25
64,9241,104,1.011,2020-03-26
65,9332,91,1.009,2020-03-27
66,9478,146,1.015,2020-03-28
67,9583,105,1.011,2020-03-29
68,9661,78,1.008,2020-03-30
69,9786,125,1.012,2020-03-31
70,9887,101,1.010,2020-04-01
71,9976,89,1.009,2020-04-02
72,10062,86,1.008,2020-04-03
73,10156,94,1.009,2020-04-04
74,10237,81,1.007,2020-04-05
75,10284,47,1.004,2020-04-06
76,10331,47,1.004,2020-04-07
77,10384,53,1.005,2020-04-08
78,10423,39,1.003,2020-04-09
79,10450,27,1.002,2020-04-10
80,10480,30,1.002,2020-04-11
81,10512,32,1.003,2020-04-12
82,10537,25,1.002,2020-04-13
83,10564,27,1.002,2020-04-14
84,10591,27,1.002,2020-04-15
85,10613,22,1.002,2020-04-16
86,10635,22,1.002,2020-04-17
87,10653,18,1.001,2020-04-18
88,10661,8,1.000,2020-04-19
89,10674,13,1.001,2020-04-20
90,10683,9,1.000,2020-04-21
91,10694,11,1.001,2020-04-22
92,10708,14,1.001,2020-04-23
93,10718,10,1.000,2020-04-24
94,10728,10,1.000,2020-04-25
95,10738,10,1.000,2020-04-26
96,10752,14,1.001,2020-04-27
97,10761,9,1.000,2020-04-28
98,10765,4,1.000,2020-04-29
99,10774,9,1.000,2020-04-30
100,10780,6,1.000,2020-05-01
101,10793,13,1.001,2020-05-02
102,10801,8,1.000,2020-05-03
103,10804,3,1.000,2020-05-04
104,10806,2,1.000,2020-05-05
105,10810,4,1.000,2020-05-06
106,10822,12,1.001,2020-05-07
107,10840,18,1.001,2020-05-08
108,10874,34,1.003,2020-05-09
109,10909,35,1.003,2020-05-10
110,10936,27,1.002,2020-05-11
111,10962,26,1.002,2020-05-12
112,10991,29,1.002,2020-05-13
113,11018,27,1.002,2020-05-14
114,11037,19,1.001,2020-05-15
115,11050,13,1.001,2020-05-16
116,11065,15,1.001,2020-05-17
117,11078,13,1.001,2020-05-18
118,11110,32,1.002,2020-05-19
119,11122,12,1.001,2020-05-20
120,11142,20,1.001,2020-05-21
121,11165,23,1.002,2020-05-22
122,11190,25,1.002,2020-05-23
123,11206,16,1.001,2020-05-24
