day,cases,cases_new,growth,date
42,1,1,1.0,2020-03-04
43,1,0,1.0,2020-03-05
44,1,0,1.0,2020-03-06
45,1,0,1.0,2020-03-07
46,1,0,1.0,2020-03-08
47,1,0,1.0,2020-03-09
48,1,0,1.0,2020-03-10
49,1,0,1.0,2020-03-11
50,1,0,1.0,2020-03-12
51,1,0,1.0,2020-03-13
52,1,0,1.0,2020-03-14
53,1,0,1.0,2020-03-15
54,1,0,1.0,2020-03-16
55,3,2,3.0,2020-03-17
56,8,5,2.666,2020-03-18
57,10,2,1.25,2020-03-19
58,10,0,1.0,2020-03-20
59,10,0,1.0,2020-03-21
60,15,5,1.5,2020-03-22
61,15,0,1.0,2020-03-23
62,15,0,1.0,2020-03-24
63,26,11,1.733,2020-03-25
64,35,9,1.346,2020-03-26
65,55,20,1.571,2020-03-27
66,56,1,1.018,2020-03-28
67,65,9,1.160,2020-03-29
68,69,4,1.061,2020-03-30
69,69,0,1.0,2020-03-31
70,81,12,1.173,2020-04-01
71,88,7,1.086,2020-04-02
72,95,7,1.079,2020-04-03
73,98,3,1.031,2020-04-04
74,103,5,1.051,2020-04-05
75,109,6,1.058,2020-04-06
76,113,4,1.036,2020-04-07
77,120,7,1.061,2020-04-08
78,123,3,1.025,2020-04-09
79,127,4,1.032,2020-04-10
80,129,2,1.015,2020-04-11
81,129,0,1.0,2020-04-12
82,129,0,1.0,2020-04-13
83,129,0,1.0,2020-04-14
84,131,2,1.015,2020-04-15
85,131,0,1.0,2020-04-16
86,132,1,1.007,2020-04-17
87,132,0,1.0,2020-04-18
88,132,0,1.0,2020-04-19
89,132,0,1.0,2020-04-20
90,132,0,1.0,2020-04-21
91,132,0,1.0,2020-04-22
92,133,1,1.007,2020-04-23
93,133,0,1.0,2020-04-24
94,136,3,1.022,2020-04-25
95,141,5,1.036,2020-04-26
96,141,0,1.0,2020-04-27
97,141,0,1.0,2020-04-28
98,141,0,1.0,2020-04-29
99,144,3,1.021,2020-04-30
100,144,0,1.0,2020-05-01
101,144,0,1.0,2020-05-02
102,144,0,1.0,2020-05-03
103,144,0,1.0,2020-05-04
104,144,0,1.0,2020-05-05
105,144,0,1.0,2020-05-06
106,144,0,1.0,2020-05-07
107,146,2,1.013,2020-05-08
108,146,0,1.0,2020-05-09
109,146,0,1.0,2020-05-10
110,147,1,1.006,2020-05-11
111,148,1,1.006,2020-05-12
112,147,-1,0.993,2020-05-13
113,147,0,1.0,2020-05-14
114,147,0,1.0,2020-05-15
115,147,0,1.0,2020-05-16
116,147,0,1.0,2020-05-17
117,147,0,1.0,2020-05-18
118,147,0,1.0,2020-05-19
119,149,2,1.013,2020-05-20
120,151,2,1.013,2020-05-21
121,151,0,1.0,2020-05-22
122,152,1,1.006,2020-05-23
123,154,2,1.013,2020-05-24
