day,cases,cases_new,growth,date
48,5,5,1.0,2020-03-10
49,10,5,2.0,2020-03-11
50,10,0,1.0,2020-03-12
51,10,0,1.0,2020-03-13
52,10,0,1.0,2020-03-14
53,16,6,1.6,2020-03-15
54,22,6,1.375,2020-03-16
55,22,0,1.0,2020-03-17
56,31,9,1.409,2020-03-18
57,40,9,1.290,2020-03-19
58,71,31,1.775,2020-03-20
59,77,6,1.084,2020-03-21
60,102,25,1.324,2020-03-22
