day,cases,cases_new,growth,date
48,2,2,1.0,2020-03-10
49,2,0,1.0,2020-03-11
50,2,0,1.0,2020-03-12
51,2,0,1.0,2020-03-13
52,4,2,2.0,2020-03-14
53,6,2,1.5,2020-03-15
54,7,1,1.166,2020-03-16
55,10,3,1.428,2020-03-17
56,14,4,1.4,2020-03-18
57,16,2,1.142,2020-03-19
58,26,10,1.625,2020-03-20
59,37,11,1.423,2020-03-21
60,48,11,1.297,2020-03-22
