day,cases,cases_new,growth,date
48,6,6,1.0,2020-03-10
49,11,5,1.833,2020-03-11
50,13,2,1.181,2020-03-12
51,13,0,1.0,2020-03-13
52,16,3,1.230,2020-03-14
53,20,4,1.25,2020-03-15
54,25,5,1.25,2020-03-16
55,30,5,1.2,2020-03-17
56,39,9,1.3,2020-03-18
57,60,21,1.538,2020-03-19
58,86,26,1.433,2020-03-20
59,128,42,1.488,2020-03-21
