day,cases,cases_new,growth,date
48,1,1,1.0,2020-03-10
49,1,0,1.0,2020-03-11
50,2,1,2.0,2020-03-12
51,5,3,2.5,2020-03-13
52,8,3,1.6,2020-03-14
53,8,0,1.0,2020-03-15
54,11,3,1.375,2020-03-16
55,18,7,1.636,2020-03-17
56,18,0,1.0,2020-03-18
57,34,16,1.888,2020-03-19
58,44,10,1.294,2020-03-20
59,57,13,1.295,2020-03-21
