day,cases,cases_new,growth,date
48,3,3,1.0,2020-03-10
49,5,2,1.666,2020-03-11
50,8,3,1.6,2020-03-12
51,14,6,1.75,2020-03-13
52,20,6,1.428,2020-03-14
53,20,0,1.0,2020-03-15
54,21,1,1.05,2020-03-16
55,23,2,1.095,2020-03-17
56,33,10,1.434,2020-03-18
57,44,11,1.333,2020-03-19
58,54,10,1.227,2020-03-20
59,66,12,1.222,2020-03-21
